{
 "metadata": {
  "language": "Julia",
  "name": "",
  "signature": "sha256:1523b0f67b47f12fa4e70bb344245d136d0a88657e3bf2ff1cdf1019bc4b2781"
 },
 "nbformat": 3,
 "nbformat_minor": 0,
 "worksheets": [
  {
   "cells": [
    {
     "cell_type": "code",
     "collapsed": false,
     "input": [
      "N = 10\n",
      "dim= 2\n",
      "v0 = 1\n",
      "pos = Array[] #Vector de posiciones\n",
      "vel = Array[] #Vector de velocidades\n",
      "Dist = zeros(N,N) #Matriz de distancias\n",
      "Adj = zeros(N,N) #Matriz de adjacencia\n",
      "\n",
      "r0 = 1.\n",
      "L = 2.\n",
      "\n",
      "#Genera N vectores aleatorios de dimension dim\n",
      "for i = 1:N\n",
      "    #push!(pos,rand(-L:L,dim)) #inicia en una caja de tamanio L\n",
      "    push!(pos,rand(dim)*L) #inicia en una caja de tamanio L\n",
      "    push!(vel,rand(dim))\n",
      "end\n",
      "\n",
      "#Normaliza los vectores, magnitud v0 direccion aleatoria\n",
      "for i in 1:N\n",
      "    vel[i] = vel[i] * (v0/norm(vel[i]))\n",
      "    #println(norm(vel[i]))\n",
      "end\n",
      "\n",
      "#calcula distancias y adjacencia\n",
      "Adj = zeros(N,N) #Limpia matriz adjacencia\n",
      "Dist = zeros(N,N) #Limpia matriz adjacencia\n",
      "\n",
      "for i = 1:N\n",
      "    for j = N:-1:i\n",
      "        \n",
      "        d = norm(pos[i]-pos[j])\n",
      "        Dist[i;j] = Dist[j;i] = d\n",
      "        \n",
      "        #d < r0 && d > 0 ? Adj[i;j] = Adj[j;i] = 1 : Adj[i;j] = 0\n",
      "        d < r0 ? Adj[i;j] = Adj[j;i] = 1 : Adj[i;j] = 0\n",
      "    end\n",
      "end\n",
      "\n",
      "println(\"Distancias:\\n $Dist\")\n",
      "println(\"Adjacencia:\\n $Adj\")\n",
      "\n",
      "#Actualiza posiciones\n",
      "#println(pos)\n",
      "for i = 1:N\n",
      "    pos[i] = pos[i] + vel[i] \n",
      "end\n",
      "#println(pos)\n",
      "\n",
      "rand(-2:2,2)\n",
      "\n",
      "println(\"Posiciones:\\n $pos\")\n",
      "println(\"Velocidades:\\n $vel\")\n",
      "println(pos[1])\n",
      "#Actualiza velocidades"
     ],
     "language": "python",
     "metadata": {},
     "outputs": [
      {
       "output_type": "stream",
       "stream": "stdout",
       "text": [
        "Distancias:\n",
        " [0.0 1.6659953644251912 0.6014746100928767 0.8910368048152099 1.1965122867269262 0.48846760751550933 0.34607334630175307 0.5648991577736651 1.2220391423650314 0.4319977685325477\n",
        " 1.6659953644251912 0.0 1.6042565343963058 0.8064930232181767 0.5242797749475845 1.997529395629529 1.4392059555229433 1.6886099358906483 0.5188703104355497 1.8079273593596443\n",
        " 0.6014746100928767 1.6042565343963058 0.0 1.0232529754741202 1.0800938520416425 1.0727193498988394 0.8230072373905145 0.09766293210400316 1.308954530698926 1.0328463547294868\n",
        " 0.8910368048152099 0.8064930232181767 1.0232529754741202 0.0 0.4710316370163709 1.1910613734661337 0.6337737811935659 1.0804364101467678 0.33104275448213655 1.002207686105339\n",
        " 1.1965122867269262 0.5242797749475845 1.0800938520416425 0.4710316370163709 0.0 1.5860945662582364 1.0310814794311856 1.165178354969439 0.42656087008182647 1.4148206130340037\n",
        " 0.48846760751550933 1.997529395629529 1.0727193498988394 1.1910613734661337 1.5860945662582364 0.0 0.560330071405096 1.0190258726995343 1.502055444334352 0.20335100800436354\n",
        " 0.34607334630175307 1.4392059555229433 0.8230072373905145 0.6337737811935659 1.0310814794311856 0.560330071405096 0.0 0.820973074105971 0.9531839905911574 0.384058609533892\n",
        " 0.5648991577736651 1.6886099358906483 0.09766293210400316 1.0804364101467678 1.165178354969439 1.0190258726995343 0.820973074105971 0.0 1.3761449986353758 0.9960140446876703\n",
        " 1.2220391423650314 0.5188703104355497 1.308954530698926 0.33104275448213655 0.42656087008182647 1.502055444334352 0.9531839905911574 1.3761449986353758 0.0 1.306706494262083\n",
        " 0.4319977685325477 1.8079273593596443 1.0328463547294868 1.002207686105339 1.4148206130340037 0.20335100800436354 0.384058609533892 0.9960140446876703 1.306706494262083 0.0]\n"
       ]
      },
      {
       "output_type": "stream",
       "stream": "stdout",
       "text": [
        "Adjacencia:\n",
        " [1.0 0.0 1.0 1.0 0.0 1.0 1.0 1.0 0.0 1.0\n",
        " 0.0 1.0 0.0 1.0 1.0 0.0 0.0 0.0 1.0 0.0\n",
        " 1.0 0.0 1.0 0.0 0.0 0.0 1.0 1.0 0.0 0.0\n",
        " 1.0 1.0 0.0 1.0 1.0 0.0 1.0 0.0 1.0 0.0\n",
        " 0.0 1.0 0.0 1.0 1.0 0.0 0.0 0.0 1.0 0.0\n",
        " 1.0 0.0 0.0 0.0 0.0 1.0 1.0 0.0 0.0 1.0\n",
        " 1.0 0.0 1.0 1.0 0.0 1.0 1.0 1.0 1.0 1.0\n",
        " 1.0 0.0 1.0 0.0 0.0 0.0 1.0 1.0 0.0 1.0\n",
        " 0.0 1.0 0.0 1.0 1.0 0.0 1.0 0.0 1.0 0.0\n",
        " 1.0 0.0 0.0 0.0 0.0 1.0 1.0 1.0 0.0 1.0]\n",
        "Posiciones:\n",
        " Array[[2.294909067134549,0.5858672383374506],[2.423812795093844,2.629890403265116],[2.55111813784371,1.0026360301782935],[2.1966646244446135,1.789924280599561],[1.986212240237569,2.26404624300841],[1.233177488275898,0.9908313662377012],[1.4251388118750319,1.4912485198998124],[2.35368963724077,1.0051225889058633],[2.5139672754102387,1.5395523607231045],[1.9259005609698199,0.4183854954921786]]\n",
        "Velocidades:\n",
        " Array[[0.9240416365281343,0.38229184396532334],[0.5412954748910155,0.8408324499342961],[0.5789961803445386,0.8153302540360161],[0.7115146145396994,0.7026712981874402],[0.06533891039413929,0.9978631302881705],[0.32427637485077426,0.9459623844073507],[0.20871938534777956,0.9779755713615985],[0.42731073861187957,0.9041048239374513],[0.9923733226518971,0.12326876526044052],[0.9849739153908478,0.17270317310235847]]\n",
        "[2.294909067134549,0.5858672383374506]\n"
       ]
      }
     ],
     "prompt_number": 8
    },
    {
     "cell_type": "code",
     "collapsed": false,
     "input": [
      "for i = 5:-1:1\n",
      "    println(i)\n",
      "end"
     ],
     "language": "python",
     "metadata": {},
     "outputs": []
    },
    {
     "cell_type": "code",
     "collapsed": false,
     "input": [],
     "language": "python",
     "metadata": {},
     "outputs": [],
     "prompt_number": 3
    }
   ],
   "metadata": {}
  }
 ]
}